$ANSIBLE_VAULT;1.1;AES256
33663934313030323862326465623134303431386463346630363561353061356166353561383337
6664626330653064316565303436346630353534356630610a383939656564373261363334343062
31636462393531333036303065636163363362626464396332373163336134616661363562363566
3134653130323463310a306630646135333339316437313966306161633863356262303933616637
63626430663637393763333362643161323835363961343534613832666566396631633134313832
65666663643637323335316636316466356266356334333832306536393737316637656139316461
35643334376231383561316539363831393365653135623039363230383264313131373365353332
38663738353363633565636435653364656636646533333239666234376263623032353061353362
61663362623538643263643238313232326430623436333036343361363535316333646634643130
65323363666538303439383839306263663866643837346264376336653132363031336562306135
64633932376531383963633861663938613538373831386430316230636463363438666664363965
30616465653133666436343461646131643730633638666566313135656261643536663063616530
30643932393235313736343235643537353764383333363931313566376666333138633238383063
33366338376338323632626336326461306335383637313930303239386165376465663064323164
33663263636564643764386665323235346131623030333430663964363934646666343938666332
30383533303132336566306134626234393837373537643132326661356532656564363666393761
35343333316134356466313364306535623638613565623639666138666664323633313566626436
62336161666665373039326334356365303266386433623437393034343262313937336462366335
61363733666237326261356239363865636532633735396230323262396462303565303037386432
39653531383135623539353635393436626565333138663232653938623534343361323039326461
39323462366162643764363238376134333534323961306664646139623135386535393034323030
31623231353334613233313231643031306136373661353432336462656134613436316562323463
66646136633338633431383864386464616138633136623966343133323636616661386330646265
38643639386334333362663564653638373734316265343465363566396561303538656665363864
64303731366435316434363532356236303862333362613433663439373935383639306134616133
31666165323731663538373933316535616233353438643763663061626661346336333934333532
31323930663462313962323864353234613964356661666665623662626266396565393865396533
62646130353835333963
