$ANSIBLE_VAULT;1.1;AES256
61343762383637613035393131643166613538636164616637363461653136333463663830353435
3762306262626466356537343333656336383733346637350a626166353133343132333666626235
64306463356530346437383864383638616236613961623663393136623231643632313338383039
3766346437376131340a323939343930643933656336346639363330643565343763633037346466
30386635623361366261343766636266646162646661343738643038663732356635633962353630
61393636656530616466613734663333393762383061343363363366316333356562336233333933
39626630303639346437336562323134623434366230643263646565326632623232353964666231
35373733666430643539363563653138353630343431343437326538666162356334373631623635
34393434613635306365626466393535623236366530616135303938656238626437323463393537
61353737306134663365663933333764343235343230613430383234666232643664313461663439
31353165613937346139383665633363316635626265626531303138303830303362616432626437
65663430313231336430363834333264313732616637303635336237663565393663643037353331
38313335373665353833643266346561353736393238393231663735633335623939373762303337
34633164633530363232396130323931363064633734623362626339323266613134666263663866
39303130613964366361313961323636343766633434353563373933666537653833643061313234
31343833383763646362323533386430393065316634313465396534353734383663633165616364
33636433643530643462323663613433383764306138353235636565646334326337653033313236
39626635336139346635636561653562316537303038376637623863613834376233653961326361
30626539386365323931396533646430346364333737366331623262303166316263623233626566
36666332613664393433353766343666616130613435633834663132666163306163363734366263
38396533363334373139306331623133626163643635666233333132383532346230393464653165
30306631616462633130326461313835343238636433393366646462353037343637353435633530
64353432373436656134636166353032633536303464386433393662343063363939353939623736
38613264386233616634333064383236636534316366373138346632653139323666336138356264
30363865653063653332326461326337333431376532646231316365316466623633356233656664
64386431303638343739396634336561326262306166653566626266623330646535373639643531
64376261393238643535346462666330353332323638313032656564653165373037343662396136
37643765646235623239626338383938393837363036656139393739613734326565653231376163
3736
